  100
. 10111110
A 1011111110
B 110
C 11110
D 0111110
E 11111111111110
F 10111101111110
G 1011110111111110
H 10111101111111110
I 1011110110
J 10111101111111111
L 101111011111110
M 0111111110
N 101111011110
O 010
P 111111110
R 1111111110
S 111110
T 101111010
U 101111110
V 10111111110
a 011111110
b 101110
c 10111100
d 11111110
e 1110
f 1111110
g 1011110111110
h 10111101110
i 11111111110
j 01111110
l 1010
m 01110
n 10111111111
o 00
p 1111111111110
q 111111111110
r 0110
s 011110
t 0111111111
u 11111111111111
v 10110
101111011111110 00 0110 1110 01110 100 11111110 00 1010 00 0110 100 011110 1110 11111110 100 10110 11111111110 10110 1110 0110 0110 011111110 100 11111111110 1111111111110 011110 11111111111111 01110 10111110 100 1011111110 1110 10111111111 1110 011111110 10111111111 100 1111111111110 10111101110 011111110 0110 1110 0111111111 0110 011111110 100 01110 011111110 1011110111110 10111111111 011111110 100 011111110 10111100 100 1111111111110 1010 011111110 10111100 1110 0110 011111110 0111111111 100 10110 1110 011110 0111111111 11111111110 101110 11111111111111 1010 11111111111111 01110 100 1010 1110 10111100 0111111111 11111111111111 011110 100 01110 011111110 11111111111111 0110 11111111110 011110 10111110 
111110 1110 11111110 100 10110 11111111110 10110 1110 0110 0110 011111110 100 11111111110 1111111111110 011110 11111111111111 01110 100 10111111111 11111111111111 10111111111 10111100 100 011111110 1010 11111111110 111111111110 11111111111111 1110 0111111111 100 101110 11111111110 101110 1110 10111111111 11111110 11111111111111 01110 100 1110 10111111111 11111111110 01110 100 1111110 011111110 10111100 11111111110 1010 11111111110 011110 11111111110 011110 100 1011110111110 0110 011111110 10110 11111111110 11111110 011111110 10111110 
010 11111110 11111111110 00 100 01110 00 0110 101110 11111111110 100 111111111110 11111111111111 11111111110 011110 100 10111100 00 01110 01110 00 11111110 00 100 00 11111110 11111111110 00 100 011111110 1110 10111111111 1110 011111110 10111111111 100 011110 1110 11111110 10111110 
0111111110 011111110 11111111111111 0110 11111111110 011110 100 011110 11111111110 0111111111 100 011111110 01110 1110 0111111111 100 01110 011111110 011110 011110 011111110 100 10110 11111111110 0111111111 011111110 1110 100 0111111111 00 0110 0111111111 00 0110 100 10111100 00 10111111111 11111110 11111111110 01110 1110 10111111111 0111111111 11111111111111 01110 100 1010 011111110 10111100 11111111110 10111111111 11111111110 011111110 100 111111111110 11111111111111 11111111110 011110 100 10110 1110 1010 10111110 
11111111111110 0111111111 100 10111111111 1110 0111111111 11111111111111 011110 100 1110 0111111111 100 01110 011111110 1010 1110 011110 11111111111111 011111110 11111110 011111110 100 1111110 011111110 01110 1110 011110 10111110 
1011110111111110 0110 011111110 10110 11111111110 11111110 011111110 100 10111100 11111111111111 01110 100 011110 00 10111100 11111111110 11111111110 011110 100 10111111111 011111110 0111111111 00 111111111110 11111111111111 1110 100 1111111111110 1110 10111111111 011111110 0111111111 11111111110 101110 11111111111111 011110 100 1110 0111111111 100 01110 011111110 1011110111110 10111111111 11111111110 011110 100 11111110 11111111110 011110 10111110 
11111111111110 11111111111111 100 01110 11111111110 100 101110 11111111110 101110 1110 10111111111 11111110 11111111111111 01110 100 10111111111 1110 111111111110 11111111111111 1110 100 1110 1011110111110 1110 011110 0111111111 011111110 011110 100 10111100 00 10111111111 1011110111110 11111111111111 1110 10111110 
111111110 011111110 0110 0111111111 11111111111111 0110 11111111110 1110 10111111111 0111111111 100 01110 00 10111111111 0111111111 1110 011110 100 10111111111 011111110 011110 10111100 1110 0111111111 11111111111111 0110 100 0110 11111111110 11111110 11111111110 10111100 11111111111111 1010 11111111111111 011110 100 01110 11111111111111 011110 100 01110 011111110 11111111111111 0110 11111111110 011110 100 10110 11111111110 0111111111 011111110 1110 100 11111111111111 1010 0111111111 0110 11111111110 10111100 11111111110 1110 011110 100 1010 1110 00 10111110 
1011111110 1010 11111111110 111111111110 11111111111111 1110 0111111111 100 10111111111 11111111110 101110 10111101110 100 1111111111110 0110 011111110 1110 011110 1110 10111111111 0111111111 100 0111111111 0110 11111111110 011110 0111111111 11111111110 111111111110 11111111111111 1110 100 01110 011111110 1011110111110 10111111111 011111110 100 011110 11111111110 0111111111 100 011111110 01110 1110 0111111111 100 1111111111110 11111111111111 0110 11111111111111 011110 10111110 
101111110 1010 0111111111 0110 11111111110 10111100 1110 011110 100 1110 0110 00 011110 100 11111111110 10111111111 100 10111100 11111111111111 0110 011110 11111111111111 011110 100 0111111111 11111111111111 0110 1111111111110 11111111110 011110 100 01110 011111110 011110 011110 011111110 100 0111111111 11111111110 10111111111 10111100 11111111110 11111110 11111111111111 10111111111 0111111111 100 11111110 11111111111111 11111111110 100 11111111111111 0111111111 100 00 0110 10111111111 011111110 0110 1110 10111110 
101111011111110 011111110 10111100 11111111111111 011110 100 011110 1110 11111110 100 0111111111 11111111111111 0110 1111111111110 11111111110 011110 100 0111111111 11111111110 10111111111 10111100 11111111110 11111110 11111111111111 10111111111 0111111111 100 11111111110 11111110 100 011111110 1010 11111111110 111111111110 11111111111111 1110 0111111111 100 0110 11111111110 011110 11111111111111 011110 100 1111110 1110 11111111111111 1011110111110 11111111110 011111110 0111111111 100 11111111110 10111111111 10111110 
1111111110 10111101110 00 10111111111 10111100 11111111111111 011110 100 011111110 1110 10111111111 1110 011111110 10111111111 100 10110 1110 1010 100 1110 1010 11111111110 0111111111 100 011110 10111100 1110 1010 1110 0110 11111111110 011110 111111111110 11111111111111 1110 100 01110 011111110 11111111111111 0110 11111111110 011110 100 1111111111110 1110 1010 1010 1110 10111111111 0111111111 1110 011110 111111111110 11111111111111 1110 10111110 
101111110 1010 0111111111 0110 11111111110 10111100 11111111110 1110 011110 100 11111111110 10111111111 0111111111 1110 1011110111110 1110 0110 100 111111111110 11111111111111 11111111110 011110 100 011111110 11111111111111 10111100 0111111111 00 0110 100 1110 1010 11111111110 0111111111 100 011110 1110 11111110 100 10110 11111111111111 1010 1111111111110 11111111111111 0111111111 011111110 0111111111 1110 100 01110 11111111110 100 011110 11111111110 0111111111 100 011111110 01110 1110 0111111111 10111110 
10111111110 11111111110 0111111111 011111110 1110 100 0111111111 11111111111111 0110 1111111111110 11111111110 011110 100 01110 011111110 011110 011110 011111110 100 011110 1110 11111110 100 1110 1010 1110 01110 1110 10111111111 0111111111 11111111111111 01110 100 0111111111 1110 01110 1111111111110 11111111111111 011110 100 1110 1011110111110 1110 011110 0111111111 011111110 011110 100 011110 1110 11111110 100 011110 1110 11111110 10111110 
110 11111111110 101110 1110 10111111111 11111110 11111111111111 01110 100 1110 10111111111 11111111110 01110 100 1111110 011111110 10111100 11111111110 1010 11111111110 011110 11111111110 011110 100 1011110111110 0110 011111110 10110 11111111110 11111110 011111110 100 10111111111 1110 111111111110 11111111111111 1110 100 10111100 00 10111111111 10110 011111110 1010 1010 11111111110 011110 100 011111110 100 10111100 0110 011111110 011110 10111110 
0111111110 011111110 11111111111111 0110 11111111110 011110 100 011111110 11111111111111 1011110111110 11111111111111 1110 100 10111111111 1110 111111111110 11111111111111 1110 100 1011110111110 0110 011111110 10110 11111111110 11111110 011111110 100 11111111110 10111111111 100 1111110 1110 0110 01110 1110 10111111111 0111111111 11111111111111 01110 10111110 100 10111111110 1110 10111111111 1110 10111111111 011111110 0111111111 11111111110 011110 100 11111111111111 0110 10111111111 011111110 100 10111100 11111111111111 0110 011110 11111111111111 011110 100 1110 1011110111110 1110 0111111111 100 10111111111 11111111111111 10111111111 10111100 100 011110 10111100 1110 1010 1110 0110 11111111110 011110 111111111110 11111111111111 1110 100 10110 11111111110 10110 1110 0110 0110 011111110 100 01110 011111110 11111111111111 0110 11111111110 011110 10111110 
1011111110 100 011111110 0110 10111100 11111111111111 100 10111100 11111111111111 0110 011110 11111111111111 011110 100 10110 11111111110 0111111111 011111110 1110 100 10111100 00 10111111111 1011110111110 11111111111111 1110 100 01110 011111110 11111111111111 0110 11111111110 011110 100 0110 10111101110 00 10111111111 10111100 11111111111111 011110 10111110 
1011111110 10111100 100 0111111111 11111111111111 0110 1111111111110 11111111110 011110 100 1110 1011110111110 1110 011110 0111111111 011111110 011110 100 11111111110 10111111111 0111111111 1110 1011110111110 1110 0110 100 1110 1011110111110 1110 0111111111 100 011111110 1010 11111111110 111111111110 11111111111111 1110 0111111111 100 10111111111 11111111110 101110 10111101110 100 1111111111110 0110 011111110 1110 011110 1110 10111111111 0111111111 10111110 
101111010 0110 11111111110 011110 0111111111 11111111110 111111111110 11111111111111 1110 100 01110 011111110 1011110111110 10111111111 011111110 100 011110 11111111110 0111111111 100 011111110 01110 1110 0111111111 100 1111111111110 11111111111111 0110 11111111111111 011110 100 1011110111110 0110 011111110 10110 11111111110 11111110 011111110 10111110 
11111111111110 1010 1110 01110 1110 10111111111 0111111111 11111111111111 01110 100 0111111111 1110 01110 1111111111110 11111111111111 011110 100 1110 1011110111110 1110 011110 0111111111 011111110 011110 100 011110 1110 11111110 100 011110 1110 11111110 100 0110 11111111110 011110 11111111111111 011110 100 1111111111110 0110 1110 0111111111 11111111110 11111111111111 01110 100 111111111110 11111111111111 011111110 01110 100 10110 11111111111111 1010 1111111111110 11111111111111 0111111111 011111110 0111111111 1110 10111110 
111110 11111111110 0111111111 100 011111110 01110 1110 0111111111 100 10110 00 1010 11111111111111 0111111111 1111111111110 011111110 0111111111 100 10111100 00 10111111111 011110 1110 111111111110 11111111111111 011111110 0111111111 100 01110 011111110 11111111111111 0110 11111111110 011110 100 10111111111 11111111111111 10111111111 10111100 100 10111100 00 10111111111 1011110111110 11111111111111 1110 10111110 
10111111110 11111111110 10110 1110 0110 0110 011111110 100 01110 011111110 11111111111111 0110 11111111110 011110 100 11111111110 10111111111 100 011111110 1010 11111111110 111111111110 11111111111111 011111110 01110 100 011110 1110 01110 100 1111110 0110 11111111110 10111111111 1011110111110 11111111110 1010 1010 011111110 10111110 
110 11111111110 101110 1110 10111111111 11111110 11111111111111 01110 100 011111110 0110 10111100 11111111111111 100 10110 11111111110 0111111111 011111110 1110 100 1110 1010 1110 01110 1110 10111111111 0111111111 11111111111111 01110 100 10111100 11111111111111 0110 011111110 101110 11111111110 0111111111 11111111111111 0110 100 10110 11111111110 0111111111 011111110 1110 10111110 100 111110 1110 01110 1111111111110 1110 0110 100 1110 1011110111110 1110 0111111111 100 11111110 11111111111111 11111111110 011110 100 011111110 0111111111 100 0111111111 1110 1010 1010 11111111111111 011110 10111110 100 1011110110 10111111111 0111111111 1110 0110 11111110 11111111111111 01110 100 10110 011111110 0110 11111111110 11111111111111 011110 100 011110 11111111110 0111111111 100 011111110 01110 1110 0111111111 100 01110 011111110 0111111111 0111111111 11111111110 011110 100 10110 11111111111111 1010 1111111111110 11111111111111 0111111111 011111110 0111111111 1110 100 1110 10111111111 11111111110 01110 10111110 
11111111111110 1010 11111111110 0111111111 100 011110 1110 11111110 100 10110 11111111111111 1010 1111111111110 11111111111111 0111111111 011111110 0111111111 1110 100 01110 11111111110 100 011110 11111111110 0111111111 100 011111110 01110 1110 0111111111 100 01110 011111110 11111111111111 0110 11111111110 011110 100 10111100 00 01110 01110 00 11111110 00 100 111111111110 11111111111111 11111111110 011110 10111110 100 11110 00 01110 01110 00 11111110 00 100 1110 1010 11111111110 0111111111 100 011111110 0111111111 100 11111111110 01110 1111111111110 1110 0110 11111110 11111111110 1110 0111111111 100 11111110 11111111111111 11111111110 100 011111110 10111100 10111100 11111111111111 01110 011110 011111110 10111111111 100 011110 11111111110 0111111111 100 011111110 01110 1110 0111111111 100 10111111111 11111111111111 1010 1010 011111110 10111110 
101111011110 1110 0111111111 11111111111111 011110 100 1110 0111111111 100 01110 011111110 1010 1110 011110 11111111111111 011111110 11111110 011111110 100 1111110 011111110 01110 1110 011110 100 011111110 10111100 100 0111111111 11111111111111 0110 1111111111110 11111111110 011110 100 1110 1011110111110 1110 011110 0111111111 011111110 011110 100 11111111110 10111111111 0111111111 1110 1011110111110 1110 0110 100 1110 1011110111110 1110 0111111111 100 011111110 1010 11111111110 111111111110 11111111111111 1110 0111111111 10111110 
111110 00 1010 1010 11111111110 10111100 11111111110 0111111111 11111111111111 11111110 11111111110 10111111111 100 0111111111 1110 01110 1111111111110 00 0110 100 11111111110 11111110 100 1110 11111111111111 100 10111111111 11111111110 011110 1010 100 10111111111 11111111111111 10111111111 10111100 100 01110 11111111110 100 11111111110 1111111111110 011110 11111111111111 01110 100 1111110 011111110 11111111111111 10111100 11111111110 101110 11111111111111 011110 100 10110 11111111110 0111111111 011111110 1110 10111110 
11111111111110 11111111111111 11111111110 011110 01110 00 11111110 100 11111111110 10111111111 100 1111111111110 1110 1010 1010 1110 10111111111 0111111111 1110 011110 111111111110 11111111111111 1110 100 01110 011111110 011110 011110 011111110 100 1111111111110 1010 011111110 10111100 1110 0110 011111110 0111111111 10111110 
1011111110 1110 10111111111 1110 011111110 10111111111 100 1111111111110 10111101110 011111110 0110 1110 0111111111 0110 011111110 100 01110 011111110 1011110111110 10111111111 011111110 100 011111110 10111100 100 1111111111110 1010 011111110 10111100 1110 0110 011111110 0111111111 100 10110 1110 011110 0111111111 11111111110 101110 11111111111111 1010 11111111111111 01110 10111110 
11111111111110 1010 1110 11111111110 1111110 1110 10111111111 11111110 100 11111110 00 10111111111 1110 10111100 100 1111111111110 0110 1110 0111111111 11111111110 11111111111111 01110 100 10110 11111111111111 1010 1111111111110 11111111111111 0111111111 011111110 0111111111 1110 100 011110 011111110 1111111111110 11111111110 1110 10111111111 100 10111111111 1110 10111100 100 011110 011111110 1011110111110 11111111110 0111111111 0111111111 11111111110 011110 100 011111110 1010 11111111110 111111111110 11111111111111 011111110 01110 10111110 
101111011110 1110 111111111110 11111111111111 1110 100 1011110111110 0110 011111110 10110 11111111110 11111110 011111110 100 11111111110 10111111111 100 1111110 1110 0110 01110 1110 10111111111 0111111111 11111111111111 01110 100 1110 0111111111 100 011110 00 1010 1010 11111111110 10111100 11111111110 0111111111 11111111111111 11111110 11111111110 10111111111 100 011111110 10111100 10111110 
101111011111110 1110 10111100 0111111111 11111111111111 011110 100 10111111111 11111111111111 1010 1010 011111110 100 011111110 0111111111 100 10110 00 1010 11111111111111 0111111111 1111111111110 011111110 0111111111 100 11111110 11111111110 011111110 01110 100 11111111111111 0111111111 100 10110 1110 10111111111 1110 10111111111 011111110 0111111111 11111111110 011110 100 0111111111 1110 1010 1010 11111111111111 011110 100 11111111110 10111111111 100 01110 1110 0111111111 11111111111111 011110 10111110 
1011110110 01110 1111111111110 1110 0110 11111110 11111111110 1110 0111111111 100 011110 1110 11111110 100 1110 11111111111111 11111111110 011110 01110 00 11111110 100 10111111111 11111111110 011110 11111111110 100 1111111111110 00 0110 0111111111 011111110 100 1010 00 0110 1110 01110 10111110 100 11111111111110 10111111111 11111111110 01110 100 011110 1110 11111110 100 1111110 011111110 11111111111111 10111100 11111111110 101110 11111111111111 011110 100 0111111111 11111111111111 0110 1111111111110 11111111110 011110 100 11111111110 10111111111 100 1110 11111111111111 10111110 
1011110110 10111111111 100 1110 1011110111110 1110 011110 0111111111 011111110 011110 100 1110 0110 011111110 0111111111 100 11111111110 01110 1111111111110 1110 0110 11111110 11111111110 1110 0111111111 100 011110 1110 11111110 100 1110 11111111111111 11111111110 011110 01110 00 11111110 10111110 100 0111111110 011111110 11111111111111 0110 11111111110 011110 100 11111111111111 1010 0111111111 0110 11111111110 10111100 1110 011110 100 1110 0110 00 011110 100 11111111110 10111111111 100 10111100 11111111111111 0110 011110 11111111111111 011110 10111110 
11111111111110 1011110111110 1110 0111111111 100 10111111111 11111111111111 1010 1010 011111110 100 1111110 011111110 10111100 11111111110 1010 11111111110 011110 11111111110 100 1110 0111111111 11111111110 011111110 01110 100 11111110 11111111110 1011110111110 10111111111 11111111110 011110 011110 11111111110 01110 100 11111110 11111111110 011111110 01110 100 111111111110 11111111111111 11111111110 011110 100 1110 10111111111 11111111110 01110 10111110 
11111111111110 1011110111110 1110 0111111111 100 1011110111110 0110 011111110 10110 11111111110 11111110 011111110 100 10111100 11111111111111 01110 100 011110 00 10111100 11111111110 11111111110 011110 100 10111111111 011111110 0111111111 00 111111111110 11111111111111 1110 100 1111111111110 1110 10111111111 011111110 0111111111 11111111110 101110 11111111111111 011110 100 1110 0111111111 10111110 
101111010 1110 1010 1010 11111111111111 011110 100 0110 11111111111111 0111111111 0110 11111111111111 01110 100 0111111111 1110 1010 1010 11111111111111 011110 100 1111111111110 1110 1010 1010 1110 10111111111 0111111111 1110 011110 111111111110 11111111111111 1110 100 1110 11111111111111 100 0111111111 11111111110 10111111111 10111100 11111111110 11111110 11111111111111 10111111111 0111111111 100 0111111111 00 0110 0111111111 00 0110 10111110 
11111111111110 1011110111110 1110 011110 0111111111 011111110 011110 100 0111111111 1110 1010 1010 11111111111111 011110 100 0110 11111111111111 0111111111 0110 11111111111111 01110 100 0111111111 1110 1010 1010 11111111111111 011110 100 1111111111110 1110 1010 1010 1110 10111111111 0111111111 1110 011110 111111111110 11111111111111 1110 100 1110 11111111111111 100 0111111111 11111111110 10111111111 10111100 11111111110 11111110 11111111111111 10111111111 0111111111 100 0111111111 00 0110 0111111111 00 0110 100 011111110 1010 11111111110 111111111110 11111111111111 011111110 01110 10111110 
0111110 11111111111111 11111111110 011110 100 10111100 00 10111111111 10110 011111110 1010 1010 11111111110 011110 100 10111100 00 10111111111 10110 011111110 1010 1010 11111111110 011110 100 0111111111 1110 1010 1010 11111111111111 011110 100 11111111110 11111110 100 11111111110 10111111111 0111111111 1110 0110 11111110 11111111111111 01110 100 10110 1110 1010 11111111110 0111111111 100 1010 011111110 00 0110 1110 1110 0111111111 100 11111111110 11111110 100 11111110 00 10111111111 1110 10111100 10111110 
111110 1110 11111110 100 1010 1110 10111100 0111111111 11111111111111 011110 100 10110 1110 011110 0111111111 11111111110 101110 11111111111111 1010 11111111111111 01110 100 01110 011111110 0111111111 0111111111 11111111110 011110 100 11111111111111 1010 1010 011111110 01110 10111100 00 0110 1111111111110 1110 0110 100 10110 1110 1010 11111111110 0111111111 100 011110 1110 11111110 100 11111111111111 1010 1010 011111110 01110 10111100 00 0110 1111111111110 1110 0110 100 01110 00 0110 101110 11111111110 100 0111111111 11111111110 10111111111 10111100 11111111110 11111110 11111111111111 10111111111 0111111111 10111110 
101111011110 1110 10111100 100 10111111111 011111110 01110 100 011111110 1010 11111111110 111111111110 11111111111111 011111110 01110 100 011110 1110 01110 100 1110 0111111111 100 0111111111 00 0110 0111111111 00 0110 100 10111100 00 10111111111 011110 1110 111111111110 11111111111111 011111110 0111111111 10111110 100 111111110 0110 1110 0111111111 11111111110 11111111111111 01110 100 10110 11111111111111 1010 1111111111110 11111111111111 0111111111 011111110 0111111111 1110 100 011110 011111110 1111111111110 11111111110 1110 10111111111 100 10111111111 1110 10111100 100 011110 011111110 1011110111110 11111111110 0111111111 0111111111 11111111110 011110 100 011111110 1010 11111111110 111111111110 11111111111111 011111110 01110 10111110 
101111011110 1110 10111100 100 11111110 11111111111111 11111111110 100 10111111111 11111111111111 10111111111 10111100 100 01110 011111110 0111111111 0111111111 11111111110 011110 100 1110 10111111111 11111111110 01110 100 11111111111111 0111111111 100 0111111111 1110 1010 1010 11111111111111 011110 100 1110 1010 1110 01110 1110 10111111111 0111111111 11111111111111 01110 10111110 100 101111110 0111111111 100 0111111111 0110 11111111110 011110 0111111111 11111111110 111111111110 11111111111111 1110 100 1110 0111111111 100 1110 1011110111110 1110 011110 0111111111 011111110 011110 100 111111111110 11111111111111 11111111110 011110 100 11111111110 1111111111110 011110 11111111111111 01110 100 011110 11111111111111 011110 1111111111110 1110 10111111111 11111110 11111111110 011110 011110 1110 100 11111111111111 1010 0111111111 0110 11111111110 10111100 1110 011110 10111110 
0111110 11111111110 011111110 01110 100 11111110 00 10111111111 1110 10111100 100 011111110 11111110 11111111110 1111111111110 11111111110 011110 10111100 11111111110 10111111111 1011110111110 100 0111111111 0110 11111111110 011110 0111111111 11111111110 111111111110 11111111111111 1110 100 0110 11111111110 011110 11111111111111 011110 100 10111111111 1110 10111100 100 1111110 1110 11111111111111 1011110111110 11111111110 011111110 0111111111 100 11111111110 10111111111 100 1111110 1110 0110 01110 1110 10111111111 0111111111 11111111111111 01110 10111110 
1011110110 11111110 100 1010 1110 00 100 11111111110 10111111111 100 10110 11111111110 0111111111 011111110 1110 100 0111111111 11111111111111 0110 1111111111110 11111111110 011110 100 01110 011111110 011110 011110 011111110 100 011110 1110 11111110 100 1110 1010 1110 01110 1110 10111111111 0111111111 11111111111111 01110 10111110 
11110 00 01110 01110 00 11111110 00 100 10110 11111111110 10110 1110 0110 0110 011111110 100 01110 011111110 1110 10111100 1110 10111111111 011111110 011110 100 011111110 10111100 10111100 11111111111111 01110 011110 011111110 10111111111 100 1010 011111110 10111100 11111111111111 011110 100 10110 1110 1010 100 1111110 011111110 10111100 11111111110 1010 11111111110 011110 11111111110 011110 100 10110 00 1010 11111111111111 0111111111 1111111111110 011111110 0111111111 100 1110 011110 0111111111 100 10110 1110 1010 11111111110 0111111111 10111110 
0111111110 011111110 11111111111111 0110 11111111110 011110 100 11111111111111 1010 0111111111 0110 11111111110 10111100 1110 011110 100 1110 0110 00 011110 100 11111111110 10111111111 100 10111100 11111111111111 0110 011110 11111111111111 011110 10111110 100 1011111110 0111111111 100 10110 011111110 0110 11111111110 11111111111111 011110 100 10110 1110 1010 100 1111111111110 10111101110 011111110 0110 1110 0111111111 0110 011111110 100 10110 1110 1010 10111110 
1011111110 1010 11111111110 111111111110 11111111111111 1110 0111111111 100 1111111111110 00 0110 0111111111 0111111111 11111111110 0111111111 00 0110 100 1010 011111110 10111100 11111111111111 011110 100 1010 11111111111111 10111100 0111111111 11111111111111 011110 100 011111110 10111100 10111100 11111111111111 01110 011110 011111110 10111111111 100 0111111111 00 0110 0111111111 00 0110 100 1111111111110 00 011110 11111111111111 1110 0110 1110 100 011111110 10111100 100 11111111111111 0111111111 10111110 
111110 011111110 1011110111110 11111111110 0111111111 0111111111 11111111110 011110 100 011111110 1010 11111111110 111111111110 11111111111111 011111110 01110 100 01110 011111110 1010 1110 011110 11111111111111 011111110 11111110 011111110 100 101110 11111111110 101110 1110 10111111111 11111110 11111111111111 01110 100 011111110 0110 10111100 11111111111111 10111110 
11111111111110 1010 1110 01110 1110 10111111111 0111111111 11111111111111 01110 100 11111111110 10111111111 0111111111 1110 1011110111110 1110 0110 100 1110 10111111111 11111111110 01110 100 10111111111 1110 111111111110 11111111111111 1110 100 10110 00 1010 11111111111111 0111111111 1111111111110 011111110 0111111111 10111110 
0111111110 011111110 0111111111 0111111111 11111111110 011110 100 01110 00 1010 1110 011110 0111111111 11111111110 1110 100 011111110 100 11111111110 011111110 10111100 11111111111111 1010 11111111110 011110 100 011111110 0111111111 100 1110 0110 011111110 0111111111 100 1111111111110 1110 1010 1010 1110 10111111111 0111111111 1110 011110 111111111110 11111111111111 1110 10111110 
10111101111110 11111111111111 011110 10111100 1110 100 11111111111111 0111111111 100 1111111111110 1010 011111110 10111100 1110 0110 011111110 0111111111 100 00 0110 10111100 11111111110 100 10111111111 11111111111111 1010 1010 011111110 100 1111111111110 1110 1010 1010 1110 10111111111 0111111111 1110 011110 111111111110 11111111111111 1110 100 11111110 11111111110 1011110111110 10111111111 11111111110 011110 011110 11111111110 01110 100 1110 10111111111 11111111110 01110 100 011110 11111111110 0111111111 100 011111110 01110 1110 0111111111 10111110 100 1011110111111110 0110 011111110 10110 11111111110 11111110 011111110 100 0110 11111111111111 0111111111 0110 11111111111111 01110 100 111111111110 11111111111111 11111111110 011110 111111111110 11111111111111 1110 100 10111111111 00 10111111111 100 0111111111 1110 1010 1010 11111111111111 011110 100 00 0110 10111100 11111111110 10111110 100 11111111111110 1010 1110 01110 1110 10111111111 0111111111 11111111111111 01110 100 1111110 011111110 10111100 11111111110 1010 11111111110 011110 11111111110 011110 100 1010 1110 00 100 10110 1110 1010 100 1111110 0110 11111111110 10111111111 1011110111110 11111111110 1010 1010 011111110 100 1110 011110 0111111111 100 11111111111111 1010 1010 011111110 01110 10111100 00 0110 1111111111110 1110 0110 100 1110 1011110111110 1110 0111111111 100 10111111111 11111111111111 1010 1010 011111110 10111110 100 11111111111110 11111111111111 100 11111111111111 1010 0111111111 0110 11111111110 10111100 1110 011110 100 10110 11111111110 0111111111 011111110 1110 100 011111110 11111111111111 10111100 0111111111 00 0110 100 1110 11111111111111 100 011111110 11111111111111 1011110111110 11111111111111 1110 100 11111111111111 0111111111 100 1010 1110 10111100 0111111111 11111111111111 011110 100 011111110 0110 10111100 11111111111111 10111110 100 111111110 0110 1110 0111111111 11111111110 11111111111111 01110 100 011111110 1110 10111111111 1110 011111110 10111111111 100 1111111111110 10111101110 011111110 0110 1110 0111111111 0110 011111110 100 01110 011111110 1011110111110 10111111111 011111110 100 011111110 10111100 10111110 100 111110 1110 11111110 100 10110 11111111111111 1010 1111111111110 11111111111111 0111111111 011111110 0111111111 1110 100 00 11111110 11111111110 00 100 11111111111111 0111111111 100 1110 10111111111 11111111110 01110 100 101110 1010 011111110 10111111111 11111110 11111111110 0111111111 100 10110 00 1010 11111111111111 0111111111 1111111111110 011111110 0111111111 100 01110 011111110 1110 10111100 1110 10111111111 011111110 011110 10111110 100 101111010 11111111111111 0110 1111111111110 11111111110 011110 100 01110 011111110 011110 011110 011111110 100 011110 1110 11111110 100 1110 1010 1110 01110 1110 10111111111 0111111111 11111111111111 01110 100 0111111111 1110 01110 1111111111110 11111111111111 011110 100 1110 1011110111110 1110 011110 0111111111 011111110 011110 100 011110 1110 11111110 10111110 100 111110 1110 01110 1111111111110 1110 0110 100 111111111110 11111111111111 11111111110 011110 100 1010 1110 10111100 0111111111 11111111111111 011110 100 10111111111 11111111111111 1010 1010 011111110 100 011111110 0111111111 100 10110 00 1010 11111111111111 0111111111 1111111111110 011111110 0111111111 10111110 100 111110 00 11111110 011111110 1010 1110 011110 100 11111111111111 0111111111 100 1110 11111111111111 100 011110 1110 01110 100 11111111110 10111111111 0111111111 1110 1011110111110 1110 0110 100 10110 11111111110 0111111111 011111110 1110 100 01111110 11111111111111 011110 0111111111 00 100 1110 1011110111110 1110 0111111111 100 01110 011111110 1011110111110 10111111111 011111110 10111110 
11111111111110 011110 0111111111 100 011110 11111111110 0111111111 100 011111110 01110 1110 0111111111 100 1111110 011111110 10111100 11111111110 1010 11111111110 011110 11111111110 011110 100 01110 011111110 1011110111110 10111111111 011111110 100 1110 0111111111 11111111110 011111110 01110 100 0111111111 1110 01110 1111111111110 00 0110 100 00 0110 10111100 11111111110 10111110 
111110 1110 01110 1111111111110 1110 0110 100 10110 11111111110 10110 1110 0110 0110 011111110 100 10111111111 011111110 01110 100 1010 11111111110 101110 1110 0110 00 100 01111110 11111111111111 011110 0111111111 00 100 1010 011111110 00 0110 1110 1110 0111111111 100 011110 11111111110 0111111111 100 011111110 01110 1110 
111111110 11111111111111 0110 11111111111111 011110 100 11111111110 10111111111 100 01110 00 1010 1010 11111111110 011110 100 10111111111 11111111111111 10111111111 10111100 100 011110 1110 11111110 100 11111111110 11111110 100 011110 1110 01110 1111111111110 1110 0110 100 0110 11111111110 011110 11111111111111 011110 10111110 
1111111110 11111111110 011110 11111111111111 011110 100 11111111111111 1010 0111111111 0110 11111111110 10111100 11111111110 1110 011110 100 0111111111 0110 11111111110 011110 0111111111 11111111110 111111111110 11111111111111 1110 100 10111111111 11111111111111 1010 1010 011111110 100 011111110 1010 11111111110 111111111110 11111111111111 1110 0111111111 10111110 100 
111110 11111111111111 011110 1111111111110 1110 10111111111 11111110 11111111110 011110 011110 1110 100 11111111111111 1010 0111111111 0110 11111111110 10111100 1110 011110 100 1011110111110 0110 011111110 10110 11111111110 11111110 011111110 100 11111110 11111111110 10111100 0111111111 11111111111111 01110 100 1111110 11111111111111 011110 10111100 1110 100 11111111111111 0111111111 10111110 
010 0110 10111111111 011111110 0110 1110 100 011111110 1110 10111111111 1110 011111110 10111111111 100 1110 11111111111111 11111111110 011110 01110 00 11111110 100 1110 1010 1110 01110 1110 10111111111 0111111111 11111111111111 01110 100 10111111111 11111111110 011110 11111111110 10111110 100 
1011111110 100 11111111110 011111110 10111100 11111111111111 1010 11111111110 011110 100 011111110 0111111111 100 1110 0110 011111110 0111111111 100 1111111111110 1110 1010 1010 1110 10111111111 0111111111 1110 011110 111111111110 11111111111111 1110 100 011111110 11111110 11111111110 1111111111110 11111111110 011110 10111100 11111111110 10111111111 1011110111110 100 10111100 00 01110 01110 00 11111110 00 100 1110 1010 11111111110 0111111111 10111110 100 
101111010 0110 11111111110 011110 0111111111 11111111110 111111111110 11111111111111 1110 100 011110 1110 10111111111 1110 10111100 0111111111 11111111111111 011110 100 1110 0111111111 100 10111111111 1110 0111111111 11111111111111 011110 100 1110 0111111111 100 01110 011111110 1010 1110 011110 11111111111111 011111110 11111110 011111110 100 1111110 011111110 01110 1110 011110 100 011111110 10111100 10111110 100 
101111010 11111111111111 0110 1111111111110 11111111110 011110 100 10111111111 11111111111111 10111111111 10111100 100 1110 1011110111110 1110 0111111111 100 1010 00 0110 1110 01110 100 11111110 00 1010 00 0110 100 011110 1110 11111110 10111110 100 111110 11111111110 0111111111 100 011111110 01110 1110 0111111111 100 1111111111110 00 0110 0111111111 0111111111 11111111110 0111111111 00 0110 100 1110 1011110111110 1110 0111111111 100 11111110 00 1010 00 0110 100 01110 00 0110 101110 11111111110 100 10111111111 00 10111111111 100 011111110 0110 10111100 11111111111111 10111110 100 
101111011111110 1110 00 100 11111111110 10111111111 0111111111 1110 1011110111110 1110 0110 100 01110 011111110 1010 1110 011110 11111111111111 011111110 11111110 011111110 100 10111111111 11111111111111 10111111111 10111100 100 10110 1110 1010 100 0110 11111111110 011110 11111111111111 011110 100 10111100 00 01110 01110 00 11111110 00 100 10110 11111111110 10110 1110 0110 0110 011111110 10111110 
101111011111110 011111110 00 0110 1110 1110 0111111111 100 011110 11111111110 0111111111 100 011111110 01110 1110 0111111111 100 10111100 11111111111111 0110 011110 11111111111111 011110 100 011110 11111111110 0111111111 10111110 100 1011111110 11111110 11111111110 1111111111110 11111111110 011110 10111100 11111111110 10111111111 1011110111110 100 10111100 00 01110 01110 00 11111110 00 100 1110 1010 11111111110 0111111111 100 011111110 0111111111 100 11111111110 01110 1111111111110 1110 0110 11111110 11111111110 1110 0111111111 10111110 
111110 011111110 1111111111110 11111111110 1110 10111111111 100 1110 0111111111 100 1010 11111111110 1011110111110 11111111111111 1010 011111110 100 11111111111111 1010 1010 011111110 01110 10111100 00 0110 1111111111110 1110 0110 100 01110 011111110 1010 1110 011110 11111111111111 011111110 11111110 011111110 100 1111111111110 0110 00 11111111110 10111111111 100 1010 11111111110 101110 1110 0110 00 100 10111111111 11111111111111 10111111111 10111100 100 10111100 00 10111111111 011110 1110 111111111110 11111111111111 011111110 0111111111 100 11111111110 10111111111 0111111111 1110 0110 11111110 11111111111111 01110 10111110 
1011110110 10111111111 0111111111 1110 0110 11111110 11111111111111 01110 100 1111111111110 00 011110 11111111111111 1110 0110 1110 100 1010 00 0110 1110 01110 100 11111111110 1111111111110 011110 11111111111111 01110 100 11111110 00 1010 00 0110 100 011110 11111111110 0111111111 100 011111110 01110 1110 0111111111 100 10111100 00 10111111111 011110 1110 10111100 0111111111 1110 0111111111 11111111111111 0110 100 011111110 11111110 11111111110 1111111111110 11111111110 011110 10111100 11111111110 10111111111 1011110111110 10111110 
0111110 11111111110 011111110 01110 100 10110 00 1010 11111111111111 0111111111 1111111111110 011111110 0111111111 100 10111100 00 01110 01110 00 11111110 00 100 011110 1110 11111110 100 1110 1011110111110 1110 011110 0111111111 011111110 011110 100 1110 1011110111110 1110 011110 0111111111 011111110 011110 100 1111110 0110 11111111110 10111111111 1011110111110 11111111110 1010 1010 011111110 100 1111111111110 10111101110 011111110 011110 1110 1010 1010 11111111111111 011110 100 1111110 011111110 11111111111111 10111100 11111111110 101110 11111111111111 011110 10111110 
1111111110 11111111110 011110 11111111111111 011110 100 10110 11111111110 10110 1110 0110 0110 011111110 100 011111110 11111110 11111111110 1111111111110 11111111110 011110 10111100 11111111110 10111111111 1011110111110 100 011111110 0111111111 100 11111111110 10111111111 100 0111111111 1110 1010 1010 11111111111111 011110 100 11111111110 10111111111 0111111111 1110 1011110111110 1110 0110 10111110 
0111111110 011111110 11111111111111 0110 11111111110 011110 100 011111110 100 11111110 11111111110 011111110 01110 100 01110 011111110 1110 10111100 1110 10111111111 011111110 011110 100 011110 1110 11111110 10111110 100 0111110 11111111111111 11111111110 100 10111111111 11111111111111 10111111111 10111100 100 01110 011111110 0111111111 0111111111 11111111110 011110 100 1110 10111111111 11111111110 01110 100 11111111111111 0111111111 10111110 
0111111110 1110 0111111111 11111111111111 011110 100 11111110 11111111110 10111100 0111111111 11111111111111 01110 100 011111110 0111111111 100 0111111111 1110 01110 1111111111110 00 0110 100 10111100 00 01110 01110 00 11111110 00 100 11111111111111 1010 1010 011111110 01110 10111100 00 0110 1111111111110 1110 0110 100 011111110 100 1010 011111110 10111100 11111111111111 011110 100 10110 1110 011110 0111111111 11111111110 101110 11111111111111 1010 11111111111111 01110 10111110 
1111111110 11111111110 011110 11111111111111 011110 100 10111100 00 01110 01110 00 11111110 00 100 10110 11111111110 10110 1110 0110 0110 011111110 100 01110 011111110 1110 10111100 1110 10111111111 011111110 011110 100 011111110 10111100 10111100 11111111111111 01110 011110 011111110 10111111111 100 1010 011111110 10111100 11111111111111 011110 100 10110 1110 1010 100 1111110 011111110 10111100 11111111110 1010 11111111110 011110 11111111110 011110 100 10110 00 1010 11111111111111 0111111111 1111111111110 011111110 0111111111 10111110 
101111011110 11111111110 011110 11111111110 100 10110 11111111110 0111111111 011111110 1110 100 011110 11111111111111 011110 10111100 11111111110 1111111111110 11111111110 0111111111 100 0111111111 1110 1010 1010 11111111111111 011110 100 01110 011111110 11111111111111 0110 11111111110 011110 10111110 100 0111111110 11111111110 100 11111111110 1111111111110 011110 11111111111111 01110 100 1111110 011111110 11111111111111 10111100 11111111110 101110 11111111111111 011110 100 10110 11111111110 0111111111 011111110 1110 100 011111110 1010 11111111110 111111111110 11111111111111 1110 0111111111 100 10111111111 1110 10111100 100 11111111111111 1010 1010 011111110 01110 10111100 00 0110 1111111111110 1110 0110 100 011110 11111111110 0111111111 10111110 
1011110110 10111111111 100 10111100 11111111111111 0110 011110 11111111111111 011110 100 0111111111 11111111111111 0110 1111111111110 11111111110 011110 100 01110 011111110 011110 011110 011111110 100 0111111111 11111111110 10111111111 10111100 11111111110 11111110 11111111111111 10111111111 0111111111 100 11111110 11111111111111 11111111110 100 11111111111111 0111111111 100 00 0110 10111111111 011111110 0110 1110 10111110 100 101111011110 11111111111111 10111111111 10111100 100 10111100 00 10111111111 1011110111110 11111111111111 1110 100 10111111111 11111111110 011110 11111111110 100 10110 11111111110 0111111111 011111110 1110 100 011110 11111111111111 011110 10111100 11111111110 1111111111110 11111111110 0111111111 100 0111111111 1110 1010 1010 11111111111111 011110 10111110 
1011111110 0111111111 100 1110 1010 1110 01110 1110 10111111111 0111111111 11111111111111 01110 100 1110 11111111111111 100 1111110 011111110 10111100 11111111110 1010 11111111110 011110 11111111110 011110 100 011110 1110 11111110 100 00 11111110 11111111110 00 100 01110 00 0110 101110 11111111110 100 111111111110 11111111111111 11111111110 011110 100 10111100 00 01110 01110 00 11111110 00 10111110 100 101111110 1010 1010 011111110 01110 10111100 00 0110 1111111111110 1110 0110 100 10110 1110 1010 11111111110 0111111111 100 011110 1110 11111110 100 11111111111111 1010 1010 011111110 01110 10111100 00 0110 1111111111110 1110 0110 100 01110 00 0110 101110 11111111110 10111110 
111110 011111110 1011110111110 11111111110 0111111111 0111111111 11111111110 011110 100 1111111111110 11111111111111 0110 11111111111111 011110 100 011110 11111111110 0111111111 100 011111110 01110 1110 0111111111 100 10110 00 1010 11111111111111 0111111111 1111111111110 011111110 0111111111 100 10111100 00 10111111111 011110 1110 111111111110 11111111111111 011111110 0111111111 100 01110 011111110 11111111111111 0110 11111111110 011110 100 10111111111 11111111111111 10111111111 10111100 10111110 100 10111111110 11111111110 0111111111 011111110 1110 100 011111110 1010 11111111110 111111111110 11111111111111 1110 0111111111 100 10111111111 1110 10111100 100 11111111111111 1010 1010 011111110 01110 10111100 00 0110 1111111111110 1110 0110 100 011110 11111111110 0111111111 10111110 
101111110 1010 0111111111 0110 11111111110 10111100 11111111110 1110 011110 100 01110 11111111110 100 1110 1011110111110 1110 0111111111 100 01110 011111110 11111111111111 0110 11111111110 011110 100 1111111111110 10111101110 011111110 0110 1110 0111111111 0110 011111110 10111110 
101111011111110 1110 10111100 0111111111 11111111111111 011110 100 011111110 0110 10111100 11111111111111 100 101110 11111111110 101110 1110 10111111111 11111110 11111111111111 01110 100 011111110 0111111111 100 10110 011111110 0110 11111111110 11111111111111 011110 10111110 
11111111111110 1011110111110 1110 011110 0111111111 011111110 011110 100 11111111110 10111111111 0111111111 1110 1011110111110 1110 0110 100 1110 1011110111110 1110 0111111111 100 011111110 1010 11111111110 111111111110 11111111111111 1110 0111111111 100 10111111111 11111111110 101110 10111101110 100 1111111111110 0110 011111110 1110 011110 1110 10111111111 0111111111 100 0111111111 0110 11111111110 011110 0111111111 11111111110 111111111110 11111111111111 1110 100 01110 011111110 1011110111110 10111111111 011111110 100 011110 11111111110 0111111111 10111110 
101111011110 11111111110 101110 10111101110 100 01110 011111110 11111111111111 0110 11111111110 011110 100 10111100 11111111111111 0110 011110 11111111111111 011110 100 01110 011111110 0111111111 0111111111 11111111110 011110 100 01110 00 1010 1110 011110 0111111111 11111111110 1110 100 011111110 100 11111111110 011111110 10111100 11111111111111 1010 11111111110 011110 100 011111110 0111111111 100 1110 0110 011111110 0111111111 100 1111111111110 1110 1010 1010 1110 10111111111 0111111111 1110 011110 111111111110 11111111111111 1110 10111110 
101111011110 11111111110 101110 10111101110 100 11111111110 1111111111110 011110 11111111111111 01110 100 10111100 00 10111111111 011110 1110 111111111110 11111111111111 011111110 0111111111 100 10111111111 11111111110 011110 1010 100 10110 1110 1010 100 1111111111110 0110 1110 0111111111 11111111110 11111111111111 01110 100 1010 1110 10111100 0111111111 11111111111111 011110 100 111111111110 11111111111111 011111110 01110 100 11111111110 11111110 10111110 
101111110 0111111111 100 0111111111 00 0110 0111111111 00 0110 100 1111111111110 0110 1110 0111111111 11111111110 11111111111111 01110 100 10110 11111111110 10110 1110 0110 0110 011111110 100 011110 11111111111111 011110 1111111111110 1110 10111111111 11111110 11111111110 011110 011110 1110 100 1111111111110 00 0111111111 1110 10111111111 0111111111 11111111110 100 10111111111 11111111111111 1010 1010 011111110 01110 100 011111110 10111100 100 0111111111 00 0110 0111111111 00 0110 100 10110 11111111110 0111111111 011111110 1110 10111110 
0111110 11111111111111 11111111110 011110 100 011111110 0111111111 100 0111111111 1110 1010 1010 11111111111111 011110 100 011111110 0111111111 100 11111111111111 0110 10111111111 011111110 100 10111100 00 10111111111 11111110 11111111110 01110 1110 10111111111 0111111111 11111111111111 01110 100 01110 011111110 0111111111 0111111111 11111111110 011110 100 1111111111110 1110 1010 1010 1110 10111111111 0111111111 1110 011110 111111111110 11111111111111 1110 100 11111111110 11111110 100 10111111111 11111111110 101110 10111101110 10111110 
11111111111110 1010 1110 01110 1110 10111111111 0111111111 11111111111111 01110 100 011110 011111110 1011110111110 11111111110 0111111111 0111111111 11111111110 011110 100 10110 11111111110 0111111111 011111110 1110 100 1110 0111111111 100 1010 1110 00 100 11111110 11111111111111 11111111110 011110 10111110 100 1011110111111110 0110 011111110 10110 11111111110 11111110 011111110 100 10111111111 1110 111111111110 11111111111111 1110 100 10111100 00 10111111111 10110 011111110 1010 1010 11111111110 011110 100 011111110 100 10111100 0110 011111110 011110 100 011110 1110 01110 1111111111110 1110 0110 100 011111110 11111111111111 10111100 0111111111 00 0110 100 10111111111 1110 111111111110 11111111111111 1110 100 10110 11111111110 0111111111 011111110 1110 100 0111111111 1110 01110 1111111111110 11111111111111 011110 10111110 
1011111110 10111100 100 0111111111 00 0110 0111111111 00 0110 100 11111110 11111111110 1011110111110 10111111111 11111111110 011110 011110 11111111110 01110 100 10111100 00 10111111111 10110 011111110 1010 1010 11111111110 011110 100 011111110 1110 10111111111 1110 011111110 10111111111 100 1110 0111111111 100 0111111111 00 0110 0111111111 00 0110 100 011111110 0111111111 100 0110 11111111110 011110 11111111111111 011110 100 10110 11111111110 10110 1110 0110 0110 011111110 10111110 100 111111110 11111111111111 0110 11111111111111 011110 100 11111111111111 0111111111 100 1111110 011111110 11111111111111 10111100 11111111110 101110 11111111111111 011110 100 1111111111110 11111111111111 1010 10110 11111111110 10111111111 011111110 0110 100 1110 1010 1110 01110 1110 10111111111 0111111111 11111111111111 01110 100 11111111110 10111111111 0111111111 1110 1011110111110 1110 0110 100 1110 10111111111 11111111110 01110 10111110 
1011110110 11111110 100 10111111111 1110 111111111110 11111111111111 1110 100 011111110 1010 11111111110 111111111110 11111111111111 011111110 01110 100 10110 1110 011110 0111111111 11111111110 101110 11111111111111 1010 11111111111111 01110 100 01110 00 0110 101110 11111111110 100 101110 1010 011111110 10111111111 11111110 11111111110 0111111111 100 10111100 11111111111111 0110 011110 11111111111111 011110 100 0110 11111111110 011110 11111111111111 011110 10111110 100 101111110 1010 0111111111 0110 11111111110 10111100 1110 011110 100 1110 0110 00 011110 100 11111111110 10111111111 100 10111100 11111111111111 0110 011110 11111111111111 011110 100 0111111111 11111111111111 0110 1111111111110 11111111110 011110 100 01110 011111110 011110 011110 011111110 100 0111111111 11111111110 10111111111 10111100 11111111110 11111110 11111111111111 10111111111 0111111111 100 11111110 11111111111111 11111111110 10111110 
1111111110 11111111111111 0111111111 0110 11111111111111 01110 100 111111111110 11111111111111 11111111110 011110 111111111110 11111111111111 1110 100 10111111111 00 10111111111 100 0111111111 1110 1010 1010 11111111111111 011110 100 00 0110 10111100 11111111110 100 011111110 10111100 10111110 100 1011111110 01110 1110 0111111111 100 10111100 00 10111111111 011110 1110 10111100 0111111111 1110 0111111111 11111111111111 0110 100 011111110 11111110 11111111110 1111111111110 11111111110 011110 10111100 11111111110 10111111111 1011110111110 100 1110 1010 11111111110 0111111111 100 1111111111110 1110 1010 1010 1110 10111111111 0111111111 1110 011110 111111111110 11111111111111 1110 100 10111101110 011111110 101110 11111111110 0111111111 011111110 10111111111 0111111111 10111110 
010 0110 10111100 11111111110 100 011111110 100 011110 10111100 1110 1010 1110 0110 11111111110 011110 111111111110 11111111111111 1110 100 1111111111110 11111111111111 0110 11111111111111 011110 100 011110 1110 01110 1111111111110 1110 0110 100 1110 1011110111110 1110 0111111111 100 11111110 11111111111111 11111111110 011110 100 011111110 0111111111 10111110 100 111110 1110 11111110 100 1111110 1110 1010 11111111110 011110 100 1110 1011110111110 1110 0111111111 100 10110 1110 1010 11111111110 0111111111 100 011111110 1010 11111111110 111111111110 11111111111111 1110 0111111111 100 011110 011111110 1011110111110 11111111110 0111111111 0111111111 11111111110 011110 100 11111111110 11111110 100 10111100 00 10111111111 011110 1110 10111100 0111111111 1110 0111111111 11111111111111 0110 10111110 
101111110 0111111111 100 10111100 00 10111111111 011110 1110 111111111110 11111111111111 011111110 0111111111 100 011110 1110 01110 1111111111110 1110 0110 100 10110 11111111110 10110 1110 0110 0110 011111110 100 10111111111 011111110 01110 10111110 100 1011111110 11111110 11111111110 1111111111110 11111111110 011110 10111100 11111111110 10111111111 1011110111110 100 1110 1010 11111111110 0111111111 100 11111111111111 0111111111 100 011111110 1010 11111111110 111111111110 11111111111111 011111110 01110 100 1111111111110 11111111111111 0110 11111111111111 011110 100 011110 11111111110 0111111111 100 011111110 01110 1110 0111111111 10111110 100 101111011111110 11111111110 101110 1110 0110 00 100 10111111111 11111111111111 10111111111 10111100 100 10111100 00 10111111111 011110 1110 111111111110 11111111111111 011111110 0111111111 100 11111111110 10111111111 0111111111 1110 0110 11111110 11111111111111 01110 100 10110 011111110 0110 11111111110 11111111111111 011110 100 011110 11111111110 0111111111 10111110 
111110 011111110 1011110111110 11111111110 0111111111 0111111111 11111111110 011110 100 10111111111 11111111110 011110 1010 100 0110 10111101110 00 10111111111 10111100 11111111111111 011110 100 01110 011111110 0111111111 0111111111 11111111110 011110 100 0110 10111101110 00 10111111111 10111100 11111111111111 011110 100 11111111111111 0110 10111111111 011111110 100 10111111111 1110 111111111110 11111111111111 1110 10111110 100 10111101111111110 1110 10111111111 11111110 0110 1110 0110 11111111110 0111111111 100 1011110111110 0110 011111110 10110 11111111110 11111110 011111110 100 0110 11111111111111 0111111111 0110 11111111111111 01110 100 111111111110 11111111111111 11111111110 011110 111111111110 11111111111111 1110 100 10111111111 00 10111111111 100 0111111111 1110 1010 1010 11111111111111 011110 100 00 0110 10111100 11111111110 100 011111110 10111100 10111110 
11110 00 10111111111 011110 1110 10111100 0111111111 1110 0111111111 11111111111111 0110 100 1010 00 0110 1110 01110 100 11111110 00 10111111111 1110 10111100 100 01110 011111110 011110 011110 011111110 100 011110 011111110 1111111111110 11111111110 1110 10111111111 100 1111110 011111110 11111111111111 10111100 11111111110 101110 11111111111111 011110 100 1110 0111111111 100 01110 00 1010 1110 011110 0111111111 11111111110 1110 100 011111110 10111100 100 1111110 1110 11111111111111 1011110111110 11111111110 011111110 0111111111 10111110 100 1011111110 0111111111 100 1010 1110 10111100 0111111111 11111111111111 011110 100 11111111111111 0110 10111111111 011111110 100 11111110 11111111111111 11111111110 011110 100 10111100 00 10111111111 10110 011111110 1010 1010 11111111110 011110 100 10111100 00 10111111111 10110 011111110 1010 1010 11111111110 011110 10111110 
10111101111111111 11111111111111 011110 0111111111 00 100 1010 011111110 00 0110 1110 1110 0111111111 100 011110 11111111110 0111111111 100 011111110 01110 1110 0111111111 100 10111100 11111111111111 0110 011110 11111111111111 011110 100 011110 11111111110 0111111111 100 011111110 01110 1110 0111111111 10111110 
0111111110 00 1010 1110 011110 0111111111 11111111110 1110 100 011111110 10111100 100 1111110 1110 11111111111111 1011110111110 11111111110 011111110 0111111111 100 011110 1110 11111110 100 1010 1110 10111100 0111111111 11111111111111 011110 100 10110 1110 011110 0111111111 11111111110 101110 11111111111111 1010 11111111111111 01110 100 01110 011111110 0111111111 0111111111 11111111110 011110 100 11111111111111 1010 1010 011111110 01110 10111100 00 0110 1111111111110 1110 0110 100 10110 1110 1010 11111111110 0111111111 100 011110 1110 11111110 10111110 
111111110 11111111111111 0110 11111111111111 011110 100 1111110 011111110 11111111111111 10111100 11111111110 101110 11111111111111 011110 100 00 0110 10111111111 011111110 0110 1110 100 011110 11111111111111 011110 1111111111110 1110 10111111111 11111110 11111111110 011110 011110 1110 100 011110 1110 11111110 100 10111111111 11111111110 011110 11111111110 100 1010 011111110 10111100 11111111111111 011110 100 011110 1110 11111110 10111110 
10111101111110 1110 0110 01110 1110 10111111111 0111111111 11111111111111 01110 100 00 11111110 11111111110 00 100 1110 11111111111111 100 1111110 1110 11111111111111 1011110111110 11111111110 011111110 0111111111 100 1111111111110 0110 1110 0111111111 11111111110 11111111111111 01110 100 10111111111 11111111110 101110 10111101110 100 11111111110 1111111111110 011110 11111111111111 01110 100 10111100 00 10111111111 011110 1110 111111111110 11111111111111 011111110 0111111111 10111110 
1011111110 0110 10111100 11111111111111 100 0110 11111111110 011110 11111111111111 011110 100 111111111110 11111111111111 11111111110 011110 100 10110 011111110 0110 11111111110 11111111111111 011110 100 111111111110 11111111111111 011111110 01110 100 111111111110 11111111111111 11111111110 011110 111111111110 11111111111111 1110 10111110 
010 0110 10111100 11111111110 100 1110 11111111111111 100 1010 00 101110 00 0110 0111111111 11111111110 011110 100 1110 1010 1110 01110 1110 10111111111 0111111111 11111111111111 01110 100 10111111111 11111111110 101110 10111101110 100 0111111111 1110 1010 1010 11111111111111 011110 100 01110 00 1010 1110 011110 0111111111 11111111110 1110 100 10111111111 11111111111111 10111111111 10111100 100 10111111111 00 10111111111 10111110 100 
101111011110 11111111110 011110 1010 100 1111111111110 0110 1110 0111111111 11111111110 11111111111111 01110 100 1111110 11111111111111 011110 10111100 1110 100 11111111110 11111110 100 10110 1110 1010 11111111110 0111111111 100 11111111111111 0111111111 100 0111111111 00 0110 0111111111 00 0110 10111110 100 110 1010 011111110 10111111111 11111110 11111111110 0111111111 100 0111111111 11111111111111 0110 1111111111110 11111111110 011110 100 10111100 11111111111111 0110 011110 11111111111111 011110 100 11111111110 10111111111 100 10111101110 011111110 10111100 100 10111101110 011111110 101110 11111111110 0111111111 011111110 011110 011110 1110 100 1111111111110 1010 011111110 0111111111 1110 011111110 10111110 
0111110 11111111110 1011110111110 10111111111 11111111110 011110 011110 11111111110 01110 100 1110 10111111111 11111111110 01110 100 011110 11111111110 0111111111 100 011111110 01110 1110 0111111111 100 10110 1110 10111111111 1110 10111111111 011111110 0111111111 11111111110 011110 100 11111111111111 0110 10111111111 011111110 100 10111100 11111111111111 0110 011110 11111111111111 011110 100 1110 1011110111110 1110 0111111111 10111110 100 11111111111110 1011110111110 1110 0111111111 100 11111110 00 1010 00 0110 100 01110 00 0110 101110 11111111110 100 10111111111 00 10111111111 100 011111110 0110 10111100 11111111111111 100 0110 11111111110 011110 11111111111111 011110 100 111111111110 11111111111111 11111111110 011110 100 10110 011111110 0110 11111111110 11111111111111 011110 10111110 
11110 00 10111111111 011110 1110 111111111110 11111111111111 011111110 0111111111 100 11111111110 11111110 100 1111111111110 00 0110 0111111111 011111110 100 10111111111 11111111110 101110 10111101110 100 10110 1110 10111111111 1110 10111111111 011111110 0111111111 11111111110 011110 100 10111100 0110 011111110 011110 100 011110 1110 11111110 10111110 100 10111101111110 011111110 10111100 11111111110 1010 11111111110 011110 11111111110 100 1110 0111111111 11111111110 011111110 01110 100 11111110 11111111110 1011110111110 10111111111 11111111110 011110 011110 11111111110 01110 100 11111110 11111111110 011111110 01110 100 111111111110 11111111111111 11111111110 011110 100 1110 10111111111 11111111110 01110 100 1010 00 101110 00 0110 0111111111 11111111110 011110 10111110 
11111111111110 1010 11111111110 0111111111 100 011110 10111100 1110 1010 1110 0110 11111111110 011110 111111111110 11111111111111 1110 100 01110 011111110 11111111111111 0110 11111111110 011110 100 1111111111110 1110 1010 1010 1110 10111111111 0111111111 1110 011110 111111111110 11111111111111 1110 100 1111111111110 11111111111111 1010 10110 11111111110 10111111111 011111110 0110 10111110 100 101111011111110 11111111110 101110 1110 0110 00 100 11111111110 11111110 100 1111110 011111110 11111111111111 10111100 11111111110 101110 11111111111111 011110 100 10111111111 11111111110 011110 1010 100 0111111111 11111111110 10111111111 10111100 11111111110 11111110 11111111111111 10111111111 0111111111 100 1110 1011110111110 1110 0111111111 100 10111111111 11111111111111 1010 1010 011111110 01110 100 10111111111 00 10111111111 100 10111111111 11111111110 011110 11111111110 100 1110 011110 0111111111 10111110 
0111111110 011111110 1011110111110 10111111111 011111110 100 1110 1011110111110 1110 0111111111 100 1110 011110 0111111111 100 1010 00 0110 1110 01110 100 11111111110 1111111111110 011110 11111111111111 01110 100 11111110 00 1010 00 0110 100 011110 11111111110 0111111111 100 011111110 01110 1110 0111111111 100 10111100 00 10111111111 011110 1110 10111100 0111111111 1110 0111111111 11111111111111 0110 10111110 
0111110 011111110 1111111111110 11111111110 101110 11111111111111 011110 100 11111111111111 1010 0111111111 0110 11111111110 10111100 1110 011110 100 11111111110 10111111111 100 11111111110 011111110 10111100 11111111111111 1010 11111111110 011110 100 10111111111 11111111111111 10111111111 10111100 100 011110 1110 11111110 100 011111110 11111111111111 1011110111110 11111111111111 1110 100 1010 011111110 10111100 11111111111111 011110 10111110 100 10111111110 11111111110 10110 1110 0110 0110 011111110 100 10111111111 011111110 01110 100 1010 11111111110 101110 1110 0110 00 100 01111110 11111111111111 011110 0111111111 00 100 1010 011111110 00 0110 1110 1110 0111111111 10111110 
1011110110 11111110 100 10111100 00 10111111111 011110 1110 10111100 0111111111 1110 0111111111 11111111111111 0110 100 1111111111110 11111111111111 0110 11111111111111 011110 100 11111111111111 0111111111 100 1111110 011111110 11111111111111 10111100 11111111110 101110 11111111111111 011110 100 1111111111110 11111111111111 1010 10110 11111111110 10111111111 011111110 0110 100 1110 1010 1110 01110 1110 10111111111 0111111111 11111111111111 01110 100 11111111110 10111111111 0111111111 1110 1011110111110 1110 0110 10111110 
10111101111110 011111110 11111111111111 10111100 11111111110 101110 11111111111111 011110 100 10110 11111111110 0111111111 011111110 1110 100 011111110 1010 11111111110 111111111110 11111111111111 1110 0111111111 100 10111111111 1110 10111100 100 11111111111111 1010 1010 011111110 01110 10111100 00 0110 1111111111110 1110 0110 10111110 100 1011111110 10111100 100 0111111111 00 0110 0111111111 00 0110 100 11111110 11111111110 1011110111110 10111111111 11111111110 011110 011110 11111111110 01110 100 10111100 00 10111111111 10110 011111110 1010 1010 11111111110 011110 100 011111110 1110 10111111111 1110 011111110 10111111111 10111110 
101111011110 11111111110 011110 11111111110 100 011110 10111100 1110 1010 1110 0110 11111111110 011110 111111111110 11111111111111 1110 100 1110 11111111111111 100 11111111111111 1010 0111111111 0110 11111111110 10111100 1110 011110 100 10110 11111111110 0111111111 011111110 1110 100 011111110 11111111111111 10111100 0111111111 00 0110 100 1110 11111111111111 10111110 100 111110 1110 01110 100 10111111111 11111111111111 1010 1010 011111110 100 1111111111110 10111101110 011111110 0110 1110 0111111111 0110 011111110 100 11111110 11111111110 011111110 01110 100 011110 11111111110 0111111111 100 011111110 01110 1110 0111111111 100 10111111111 11111111110 011110 1010 10111110 
110 11111111110 101110 1110 10111111111 11111110 11111111111111 01110 100 011111110 0111111111 100 10110 011111110 0110 11111111110 11111111111111 011110 100 10110 1110 1010 100 1111111111110 10111101110 011111110 0110 1110 0111111111 0110 011111110 100 10110 1110 1010 100 0111111111 11111111111111 0110 1111111111110 11111111110 011110 100 10111111111 11111111111111 10111111111 10111100 100 1110 1011110111110 1110 0111111111 100 1010 00 0110 1110 01110 10111110 100 1011111110 01110 1110 0111111111 100 1111110 011111110 10111100 11111111110 1010 11111111110 011110 11111111110 011110 100 01110 011111110 1011110111110 10111111111 011111110 100 1110 0111111111 11111111110 011111110 01110 100 0111111111 1110 01110 1111111111110 00 0110 10111110 
101111010 00 0110 0111111111 00 0110 100 11111110 11111111110 1011110111110 10111111111 11111111110 011110 011110 11111111110 01110 100 10111100 00 10111111111 10110 011111110 1010 1010 11111111110 011110 100 011111110 1110 10111111111 1110 011111110 10111111111 100 1110 0111111111 100 0111111111 00 0110 0111111111 00 0110 10111110 
